Mixture	B cells naive	B cells memory	Plasma cells	T cells CD8	T cells CD4 naive	T cells CD4 memory resting	T cells CD4 memory activated	T cells follicular helper	T cells regulatory (Tregs)	T cells gamma delta	NK cells resting	NK cells activated	Monocytes	Macrophages M0	Macrophages M1	Macrophages M2	Dendritic cells resting	Dendritic cells activated	Mast cells resting	Mast cells activated	Eosinophils	Neutrophils	P-value	Correlation	RMSE	Absolute score (sig.score)
Pt1	0.0248878763680388	0	0.012926885592379	0.0888388058794358	0	0.0907364320041792	0.106101308980456	0.0248237172291987	0.00505943687157587	0.0144319034398677	0	0	0.00738336662015979	0.0315650196595681	0.102057593236119	0.254883238519072	0.0540420019913314	0	0.0260674238049824	0	0	0.00930386694700117	9999	0.211040743695298	1.00145262121196	0.853108877143365
Pt10	0.00226337229503184	0.00815042059595478	0	0.00787991190570331	0	0.0217781666796036	0	0.0071260899359083	0.00220531642745273	0	0.00216766984436947	0.00693604451617548	0.00693109952077419	0.0063181852169813	0.00368351270169863	0.0684347276039585	0.000127582693417099	0	0.00823576693045546	0	0	0	9999	0.155643984707135	1.03295829208425	0.152237866867485
Pt101	0.358633240302126	0.383086842547084	0	0.186061186840662	0.0381082145571751	0.0512395013465347	0.104039526031607	0.109903459650928	0.146685218826755	0	0	0.0201016801675167	0	0.119897431619421	0.141689701308576	0.107450775089225	0.00605324605456617	0	0.0113929423448811	0	0	0.0444423337037001	9999	0.629908853342805	0.794359246916325	1.82878530039076
Pt103	0.00528600123447649	0.010698918257008	0.00700149766413299	0.060674621031701	0	0.0593101225014856	0.00811217174972342	0.0161674611748239	0.00740054468733667	0.0138038443400257	0	0.0183861914140252	0	0.0247821198691281	0.0513279085066683	0.160587501629558	0.0354713893710748	0	0.0322231678227648	0	0	0	9999	0.432418326661794	0.900820667433103	0.511233461253933
Pt106	0.00998635768668329	0	0.000991573215278265	0.0616599985445153	0	0.0163733561718309	0.0130076140164484	0.0203339871786941	0.00782857357302717	0	0	0.0033447895347348	2.87338568191434e-05	0.0765809727838435	0.0247820095608941	0.187162200275989	0.00215072378636901	0	0.0101565127424355	0	0	0.000217083791098122	9999	0.209797816394211	1.02211738695339	0.43460448671866
Pt11	0.0273770410923124	0	0	0.12387965371249	0	0.0390403991779796	0.014132713897834	0.0420787462191501	0	0	0	0.0381446535874392	0.0439303207335705	0	0.114289562149967	0.195970787722843	0.0825690271988731	0	0.0433847396228337	0	0	0.0323602740803456	9999	0.244320543999767	0.991027053628479	0.797157919195639
Pt17	0.000152322682258386	0.000215003200049004	0.000107149248376736	0.00195238582279808	0	0.00690902697383008	0	0.000316525973256716	0.000253675891311188	0	0	0.00164155839628632	0.00258212858132622	0	0	0.0400115479126939	0.00033231001922129	0	0.00848199022437321	0	0	0	9999	0.03931197642975	1.1186322849378	0.0629556249257811
Pt18	0.322978422918535	0	0.0376185564866678	0.104368154740599	0	0.151112813409255	0.103235411443429	0.0636234809910688	0.00118140184503502	0.0142153656292538	0	0	0	0.0082748441948475	0.0979418271152417	0.28562145916089	0.00782781436250815	0	0.0240004436433163	0	0	0.0392890153137007	9999	0.405562657842019	0.913226817729494	1.26128901125435
Pt2	0.00954454648733338	0	0	0	0	0.152713300325738	0.0086647992066167	0.00431880998630114	0.0119662542503473	0.0324553497463122	0.0118317052019174	0	0.0392324498115946	0.059311142762244	0.0973548999459265	0.23392605163726	0.0159332595196221	0	0.0151871569731513	0	0	0.00660422078503293	9999	0.459212414743098	0.887790779116018	0.699043946639397
Pt24	0.0129251621355944	0.00536348730736055	0	0.0141912398493806	0	0	0	0.0224913219589534	0.010735226373289	0.0162296348778376	0	0.00706364344452028	0	0.169138056823832	0.00851996905592221	0.27182114834579	0.0188466349631811	0	0	0.0190674304377427	0	0.0110574197159152	9999	0.539129070315347	0.844599356145857	0.587450375289319
Pt26	0.0160104208428225	0	0.000967819395975663	0.0208088739318152	0	0.00794416087115618	0.00293083211171058	0.0251651211479258	0	0.00680309160171721	0	0.00260235154361254	0.00956590621134772	0	0.025002574197934	0.0643812032791189	0.00374555876958782	0	0.00373220021584194	0	0	0	9999	0.000656989244349747	1.09778853025215	0.189660114120566
Pt27	0.0204019839591707	0	0.0481169882527142	0.00234922530205699	0.0110632063812729	0.0276173157264936	0.0399455984609489	0	0	0.01292716942369	0.0166687899163694	0	0.0824953285592798	0.0216265420089204	0.00249562673523607	0.137780553002989	0.00509836477882599	0	0.0090325301509388	0	0.00521009213485618	0.0583944061132785	9999	0.175553683242922	1.01893477719505	0.501223720907042
Pt28	0.0161968186377565	0	0.0806978886814871	0.0515687854285623	0	0.0340750723430636	0.00805263965211902	0.0180649444350137	0	0.0346177518583028	0	0.0153827193931491	0	0.0192913761098665	0.0276837183439717	0.106514649645056	0.00285067465389631	0	0.00157453073038328	0	0	0	9999	0.109119388902031	1.03680013229584	0.416571569912628
Pt29	0.0138210487160283	0	0.0495178964456426	0.00246233175567364	0	0.0443952840743742	0.00625084561573172	0.00294776967081489	0	0	0	0.00363268983855247	0.00124184463271853	0	0.0237203293098604	0.18121905191073	0.0998096637846296	0	0.0110231148498095	0	0	0.0017469325194344	9999	0.306678189320046	0.964217510779778	0.441788803124001
Pt3	0.00464221756905789	0	0	0	0	0.0248522656547354	0	0.00585835328581246	0	0	0.0072382563672236	0	0.0134048793284632	0.0117011829737528	0.0121665826895743	0.0508274962859409	0.0265408308077077	0	0	0.0459518415754589	0	0.0320533566383438	9999	0.120732765748906	1.06289378709888	0.235237263176071
Pt30	0.0217795081666579	0	0.00751097181508022	0.0210312726073791	0	0.0210804718042555	0.00428549050137977	0.0280835334526749	8.57529825007483e-05	0.00155973077052749	0	0.000957478601005535	0.00701240083681915	0.020476556952407	0.0249444584215545	0.0506575736901282	0.0175952701631774	0	0	0	0	0	9999	0.0954188349427689	1.04832465292115	0.227060470765547
Pt31	0.00706409047666842	0	0.0933403442414577	0.00160239437283839	0	0.156764864350739	0.0121469666407348	0.0045083540924464	0.00688902284348359	0.0137292141836208	0	0	0.0145330820896721	0	0.089206977450686	0.147733870071707	0.012225691338973	0	0	0	0	0	9999	0.344867515596317	0.942874557846972	0.559744872153028
Pt34	0.00115055529753921	0	0.00407794213271864	0.0830354057905338	0	0	0.0148572977375889	0.00748641998676211	0.00905052182851126	0.0199755183696225	0	0	0	0.0747515181099393	0.0195585256391394	0.356834023437286	0.00691722014703108	0	0.00183961825949546	0	0	0	9999	0.446818856653967	0.902615490995366	0.599534566736168
Pt36	0.00306294805107949	0	0	0.00655618457971716	0	0.0335191444479563	0	0	0	0	0.00631340742331942	0	0.0125429310706154	0	9.58365922045947e-05	0.319607505213656	0.00152927446005833	0	0.0447468057393738	0	0	0.00763932198554792	9999	0.446953186470477	0.90744126487288	0.435613359563528
Pt37	0.00357968957543111	0	0.00267226225800517	0.0215064471567077	0	0.0514292832936572	0.0058133510968152	0.023832565791628	0.000643476456680381	0	0.00150613621870097	0.00432669797907386	0.00322279051309745	0.00746824873911482	0.0300413195991184	0.102767011736245	0.0288057743945226	0	0.0365909597362117	0	0	0.000919834015490402	9999	0.0300846244508878	1.07413023099424	0.3251258485605
Pt38	5.44318612086505e-05	0	0.00247852813056973	0.00265096419538307	0	0.0114706535299797	0	0.00267388987706515	0.000121430214614371	0	0	0.00359727832025121	0.00212941546461641	0	0	0.0682667405646022	0	0	0.015445713386563	0	0	0	9999	0.0310002073538445	1.11740989151578	0.108889045544854
Pt39	0	0.000132078586018962	2.62991007078309e-05	0.00210770531833506	0	0.00404955586114749	0	0.00013375973127882	0	0	0	0.000149070127595793	0.00381220166236833	0	0	0.0191388309257228	0	0	0.00915733049251163	0	0	0.00157701835938135	9999	0.0421811019616838	1.09854420864967	0.040283850165068
Pt4	0.0128121811950062	0	0.00607967663306098	0.056012985127011	0	0	0.00628584478310349	0.0332328941945151	0.00554626411672623	0.0154774314580266	0	0.0134599276087523	0.00417973925431592	0.0324626502729669	0.00821612248249902	0.0778258996011938	0.0134700345002486	0	0.0213489694690849	0	0	0.0618465010101591	9999	0.111908338525966	1.05014565429028	0.36825712170667
Pt44	0.0488597721323513	0	0	0.140731367337157	0	0.0443992274378208	0.0718976954435437	0.015549516910429	0.000828223281671268	0	0	0	0.0168252165055229	0.0117516200224277	0.107773011109727	0.196196234457393	0.0921886778489214	0	0	0.00858021156962513	0	0.0028655244193568	9999	0.467395299252609	0.883308520151001	0.758446298475947
Pt46	0.0193007887051577	0	0	0.0299290208828787	0	0.00736058380867188	0	0.00932643187898299	0.00507510052147178	0.00427191038630815	0	0.00856035202483848	0	0.0828815777639583	0.0128190887508741	0.337399039739003	0.0173396860283658	0	0.0561315997026319	0	0	0.0036518501835572	9999	0.505814870092115	0.864197987666086	0.5940470303767
Pt47	0	0	0	0.0168888492151779	0	0.0970273381504363	0.0218851955348263	0.00269237522054769	0	0	0.0080404763466118	0	0.0594952002481243	0.0126298480429096	0.0262869845748186	0.28138873118397	0.0475969357759997	0	0.0279260641038526	0	0	0	9999	0.300466380629068	0.970343381686791	0.601857998397275
Pt48	0.0195781425882037	0	0.0305604195190942	0.024457504620366	0	0.0287596160711553	0.00345598048503618	0.00451207635214619	0.00046581366823119	0.00449587646027355	0	0.0036664492535932	0.0155564131504182	0.0196485141062803	0.0279789158384839	0.166954120331886	0.000591971805762877	0	0.0128130651859078	0	0	0.00465840601628618	9999	0.214320629792376	1.00691094201653	0.368153285453125
Pt49	0.0229377114791307	0	0.0562770217875976	0.169769569423129	0	0.161617273108972	0.0155139268814835	0.0234160047722187	0.0103039652563379	0.020203790274785	0	0.015550048824837	0	0	0.0812494325515705	0.322908556756972	0.00148716938788559	0	0.0177072451915233	0	0	0.0081545051825983	9999	0.415029757042601	0.909592618303174	0.927096220879041
Pt5	0.00860194941125825	0	0.0177398107463095	0.149980843966968	0	0.0346764417313904	0.0174691551726907	0.0582352504953559	0.00744445220639877	0	0.000173042132993612	0.0195134192228385	0.0492397816192181	0.0172268537565751	0.0440074142605145	0.192864058248218	0.0416016393853214	0	0	0.0117984175060576	0	0.0933372519762692	9999	0.134733674518807	1.03770740671143	0.763909781838377
Pt52	0.00328885974086212	0	0.0138391720176762	0.0219049545621506	0	0.0777167847199242	0.0140596612020889	0	0.00615872576646067	0	0	0	0.0249427226946156	0.0439823401630294	0.0355873515583188	0.161219011218007	0	0	0.0179752608871576	0	0	0	9999	0.22469570180183	1.00269764368222	0.420674844530291
Pt59	0.0041978123846175	0	0.0404701289641938	0.0701504830704431	0	0	0.0730234144814539	0	0	0.0110792873710308	0	0.034339720949771	0	0.0241647789147637	0.051262470494416	0.353464241431002	0.0677257013549083	0	0.0359467289955971	0	0	0.00247278815209708	9999	0.394865616315242	0.921214847278511	0.768297556564295
Pt62	0.000420605190761692	0	4.85449240468604e-05	0.00566854122475559	0	0.0092811449025829	0.000201392402692073	0.00508273514391223	0.000484542857873918	0.00755118715051433	0	0.00417056139959234	0.00565424789762237	0.0107031100722946	0.00620451737679436	0.0313888988665667	0.0329268645320406	0	0.0071990092101249	0	0	0	9999	0.0693191421019792	1.06983481566044	0.126985903152176
Pt65	0.00980984493373934	0	0.0495210739990732	0	0	0.0882293052458931	0	0.0346041826013717	0.0108470302707313	0.013122103888254	0	0	0	0.103403568384026	0.0921880379144752	0.125303073788073	0.00545126702147778	0	0.0342090684020807	0	0	0	9999	0.385112621793322	0.926258348457388	0.566688556449195
Pt66	0.00701546787612867	0	0.00574067424187309	0.0278778809587342	0	0.00578957441698931	0.00214648360899139	0.0145861065536347	0	0	0	0.00587767611955863	0.00646249670872772	0	0.00936315009710643	0.125270116333258	0.0249926776462835	0	0	0.00384123568914762	0	0.00633376721943434	9999	0.0316338113140619	1.0997195475871	0.245297307469868
Pt67	0.0159528427194922	0	0.0325387488958729	0.0408552977187011	0	0.0311150705469301	0	0.00695079742221825	0.00803069073869461	0	0	0	0.000188771649154614	2.53336512751212e-05	0.00680882165424201	0.0346267037151699	0.00120711745767218	0	0.0263298718598588	0.00127913126256979	0	0	9999	0.163451977638448	1.011631012104	0.205909199291852
Pt72	0	0.0138949533045735	0.000210205804609218	0.00237092444019439	0	0.0284769550207632	0	0.00365521422300979	0.000681894467081131	0	0.0120157296289134	0.000484895263215286	0.00541728891603038	0.0270441019337986	1.45496810436039e-05	0.0568862800984781	0.000602953392311022	0	0.010681937017424	0	0	0.0150195037779141	9999	0.0430074185669934	1.08313549758137	0.17745738696936
Pt77	0.125355085922997	0.190225690766538	0	0.168469080349033	0	0.0661065731470755	0.099209331078702	0.0621738458414965	0.0196328543420065	0	0	0.0636618072976421	0.00942125632004201	0.0436028174079916	0.142328923287469	0.128881693372151	0.0232293936754102	0	0.0840354994147193	0	0	0	9999	0.385032567493387	0.923168451094491	1.22633385222327
Pt78	0	0.000667573808342689	0.000894510092065407	0.00272092112864168	0	0.00695649892900321	0	0.00228309595525117	0	0	0	0.000125557381498017	0.00304464227514509	0.00130884602111611	0	0.0119841124319705	0.000151510183500681	0	0.00772094457196763	0	0.000240691807140187	0	9999	0.0479093289250398	1.06813094005194	0.0380989045856424
Pt79	0.0068596319013605	0	0.0129504825733024	0.0323040275863221	0	0.0102676607880616	0	0.0284922620751399	0	0.00748563454904308	0	0.0110735513614925	0.0130220838130618	0	0.0222973246290645	0.0919045835855358	0.000215228570278623	0	0.0035621431955636	0	0	0	9999	0.0816352831025018	1.06204875094808	0.240434614628226
Pt8	0.00275284015999989	0	0.0523773131607436	0.00837717130051104	0	0.0913122628282109	0.00199216082031434	0.00739873833662406	0.00491482799181131	0	0	0.0123333598618751	0.000674894905672325	0.0263885405132643	0.0448140444595714	0.211893580291894	0.0125564733433383	0	0.029509259951345	0	0	0.000706827855338163	9999	0.141910641098341	1.03508807220456	0.508002295780514
Pt82	0.00975504124123369	0	0.0105886358025802	0.051939353413054	0	0.018207800494284	0.00195535133541073	0.0137283555519952	0.00976163354405985	0	0	0.00722154731123597	0.0124575168584363	0.0173017523353325	0.0183909154095505	0.210046402797905	0.0443743051407364	0	0.0135677520990018	0	0	0.000648603664129343	9999	0.30980113728293	0.965731314795667	0.439944966998946
Pt84	1.25633104855966e-05	0.000473955883113612	0.000766520467418079	0.00221942271796525	0	0.0147513146398309	0	0.000265114893155022	0	0	0.0019745793109938	0.00505105574988282	0.00562019229848561	0	0	0.0340849953546416	0.000122785343847664	0	0.00485519380003735	0	1.57801537432354e-05	0	9999	0.01275975854212	1.10389957302155	0.0702134739236006
Pt85	0	0.00186787076013784	0	0	0	0.020212048437845	0	0.000757760832495277	0.00125244623147807	0	0.00424977713157176	0.00114523049485298	0.00109404505318182	0.00335315289789508	0.000188516773716784	0.0198055642694296	4.84744844657488e-05	0	0.00107492712233866	0	0	0.000303033212391077	9999	-0.00457858695046371	1.10565092545023	0.0553528477017997
Pt89	0.000686787965501327	0	0.0121062268134812	0	0	0.0458164886706185	0	0.0297401383024106	0.000147992014586427	0.0104134934115881	0	0	0	0.0617513443575011	0.0408595303680263	0.112268067509682	0.0293742482835397	0	0.107480703029691	0	0	0.00389784653745161	9999	0.16934161722504	1.02604052254506	0.454542867264078
Pt9	0	0	0.00440316983424891	0	0.00876907834447946	0.00135020896933445	0	0.000774735826825741	0.000602295861433713	0.00646077792658908	0.00972104598700139	0	0	0.14073263849043	0.00155507642436658	0.216731374171296	0.00227554329998554	0	0	0.00359648495603596	0	0.000556968695394678	9999	0.662587996468521	0.749646321028422	0.397529398787421
Pt90	0.000579770925365499	0	0.03274045931252	0.073075300333562	0	0.0186514539846976	0.052740259911971	0.0114317956367734	0	0.0159765739580913	0.0153140086860941	0	0	0.0201925306350038	0.0119363311298132	0.160885479432198	0.00343714254818737	0	0	0.117005694243846	0	0.138269279622412	9999	0.27994191349119	0.984013553702384	0.672236080360535
Pt92	0.0269063021004108	0	0.00840326752599421	0.166196025891437	0	0	0.0514213634384651	0.0478444481060537	0	0.0229216370177631	0	0.0275030119406573	0.0116336753480044	0	0.0746754853469658	0.223772757825584	0.00401673047695304	0	0	0	0	0	9999	0.328538891877093	0.955303116203402	0.665294705018288
Pt94	0.0361861644478914	0	0.0316663052855167	0.0509921263233274	0	0.0598868765388853	0.0112182228999242	0.00732935332266076	0.00352975263132209	0.00955300468666269	0	0	0.00213952748185819	0	0.0119138272202082	0.226503149052642	0.0120151979537748	0	0.00534622175895535	0	0	0.0199909883824216	9999	0.20183785248122	1.0087135285156	0.48827071798605
Pt98	0.00275839455858879	0	0.00141589097264996	0.00696197452293821	0	0.0112384234408397	0.0017422780027426	0.00288155353356483	4.64097408244743e-05	0.00333750753801777	0	0.00136579989073087	0.0042230415027499	0.0116745742335022	0.00529211102131275	0.0782251029256335	0.00840773520989566	0	0.00243539984319819	0	0	0	9999	0.202404738985827	1.03391244649034	0.142006196937189
